57	173	1
57	181	4
57	289	1
57	352	1
57	429	1
57	463	1
57	626	2
57	702	1
57	730	4
57	737	3
57	767	1
57	773	2
57	790	1
57	921	3
57	981	1
57	1017	6
57	1223	2
57	1225	2
57	1271	3
57	1273	3
57	1279	1
57	1543	7
57	1639	1
57	1656	1
57	1857	1
57	1864	2
57	1974	1
57	1977	4
57	1994	4
57	2057	2
57	2117	2
57	2225	1
57	2269	1
57	2312	4
57	2491	1
57	2518	1
57	2576	2
57	2645	2
57	2720	2
57	2775	2
57	2785	4
57	2827	1
57	2914	3
57	2924	2
57	2989	1
57	3315	1
57	3546	1
67	85	2
67	126	1
67	133	1
67	164	1
67	181	1
67	244	4
67	352	2
67	429	1
67	626	1
67	634	1
67	730	1
67	750	2
67	773	3
67	1223	2
67	1271	1
67	1273	1
67	1307	3
67	1543	2
67	1656	1
67	1701	1
67	1922	1
67	1974	1
67	1977	1
67	1982	1
67	1994	5
67	2020	1
67	2057	3
67	2117	2
67	2141	3
67	2225	1
67	2365	1
67	2576	2
67	2645	5
67	2775	2
67	2780	1
67	2785	1
67	2826	1
67	2827	2
67	2835	1
67	2914	2
67	2989	1
67	3152	1
67	3177	2
67	3257	3
67	3315	3
85	110	1
85	181	3
85	244	1
85	352	3
85	626	3
85	702	9
85	730	4
85	773	4
85	790	1
85	921	1
85	1006	3
85	1223	4
85	1225	3
85	1271	1
85	1279	2
85	1389	2
85	1543	1
85	1656	2
85	1857	1
85	1922	2
85	1925	3
85	1974	3
85	1994	3
85	2057	1
85	2117	1
85	2720	2
85	2780	1
85	2785	1
85	2835	5
85	2914	3
85	3177	1
85	3315	5
110	133	2
110	167	1
110	626	1
110	634	2
110	702	3
110	737	1
110	773	4
110	790	1
110	921	8
110	1017	1
110	1140	1
110	1160	1
110	1223	1
110	1273	1
110	1543	5
110	1656	1
110	1922	2
110	1994	4
110	2057	2
110	2087	1
110	2141	1
110	2269	3
110	2312	1
110	2491	3
110	2576	1
110	2645	1
110	2785	1
110	2827	1
110	2924	1
110	3177	2
110	3315	2
110	3634	1
110	3635	1
126	133	4
126	167	1
126	228	1
126	289	1
126	323	1
126	432	3
126	750	3
126	1160	6
126	1263	1
126	1307	5
126	1543	2
126	1777	1
126	1925	2
126	1982	2
126	1994	1
126	2020	1
126	2087	2
126	2385	3
126	2491	1
126	2518	1
126	2645	4
126	2827	5
126	2830	1
126	2914	3
126	3152	1
126	3315	1
126	3635	4
133	164	2
133	167	5
133	173	2
133	289	6
133	300	5
133	352	1
133	365	2
133	407	2
133	429	3
133	432	4
133	634	3
133	730	1
133	750	15
133	773	3
133	790	1
133	900	2
133	910	2
133	921	2
133	942	1
133	1006	1
133	1160	11
133	1223	1
133	1273	1
133	1307	4
133	1516	1
133	1543	6
133	1639	1
133	1701	1
133	1777	3
133	1864	1
133	1922	1
133	1925	2
133	1974	1
133	1982	5
133	1994	5
133	2020	2
133	2057	3
133	2087	4
133	2117	1
133	2225	3
133	2269	1
133	2365	1
133	2385	10
133	2491	1
133	2509	1
133	2518	1
133	2645	8
133	2780	1
133	2785	2
133	2796	1
133	2826	1
133	2827	7
133	2830	3
133	2914	8
133	2924	1
133	3152	3
133	3177	1
133	3257	1
133	3315	2
133	3634	2
133	3635	8
164	167	5
164	181	2
164	289	1
164	323	2
164	429	5
164	463	1
164	634	2
164	648	4
164	750	3
164	767	1
164	773	1
164	790	1
164	900	4
164	910	3
164	917	1
164	942	2
164	1160	4
164	1223	3
164	1263	1
164	1273	4
164	1279	2
164	1307	1
164	1389	1
164	1543	5
164	1656	2
164	1701	1
164	1777	1
164	1864	1
164	1922	3
164	1925	2
164	1974	1
164	1982	4
164	1994	4
164	2057	3
164	2087	7
164	2112	1
164	2141	6
164	2385	1
164	2509	1
164	2576	1
164	2785	1
164	2827	3
164	2830	1
164	2914	1
164	2924	3
164	2989	1
164	3257	1
164	3315	5
164	3635	1
167	173	4
167	181	4
167	228	2
167	244	1
167	289	1
167	300	2
167	323	5
167	365	2
167	407	2
167	429	2
167	432	1
167	634	2
167	648	2
167	702	1
167	730	1
167	737	3
167	750	14
167	767	2
167	773	9
167	790	2
167	900	7
167	910	5
167	917	1
167	921	2
167	942	3
167	1017	2
167	1140	1
167	1160	16
167	1223	1
167	1263	3
167	1271	1
167	1273	3
167	1279	2
167	1307	1
167	1389	4
167	1516	2
167	1543	17
167	1639	1
167	1656	1
167	1701	1
167	1709	1
167	1777	1
167	1857	1
167	1922	9
167	1925	2
167	1974	2
167	1977	1
167	1982	1
167	1994	13
167	2020	3
167	2057	5
167	2087	4
167	2112	1
167	2141	4
167	2269	1
167	2365	5
167	2385	3
167	2491	2
167	2509	4
167	2518	4
167	2576	2
167	2645	3
167	2780	1
167	2785	3
167	2796	2
167	2826	1
167	2827	6
167	2830	2
167	2914	4
167	2924	2
167	2989	1
167	3152	6
167	3177	6
167	3257	2
167	3315	8
167	3634	1
167	3635	9
173	181	1
173	323	1
173	352	1
173	365	1
173	730	2
173	750	4
173	773	2
173	790	1
173	900	2
173	910	1
173	921	1
173	1017	1
173	1160	2
173	1271	1
173	1279	1
173	1543	4
173	1639	1
173	1922	1
173	1974	1
173	2057	1
173	2269	1
173	2365	1
173	2491	1
173	2509	2
173	2518	1
173	2576	2
173	2645	3
173	2775	2
173	2785	2
173	2796	2
173	2826	2
173	2827	1
173	2830	1
173	2914	2
173	2924	1
173	3152	1
173	3257	1
173	3635	3
181	228	2
181	244	1
181	289	1
181	300	1
181	352	4
181	365	1
181	407	1
181	429	2
181	432	1
181	463	4
181	626	1
181	702	3
181	730	10
181	737	5
181	750	3
181	767	3
181	773	5
181	790	4
181	900	1
181	921	4
181	981	2
181	1017	5
181	1160	1
181	1223	9
181	1225	4
181	1263	1
181	1271	5
181	1273	4
181	1279	12
181	1307	4
181	1389	3
181	1516	1
181	1543	19
181	1656	1
181	1709	3
181	1857	1
181	1864	6
181	1922	5
181	1925	2
181	1974	2
181	1977	6
181	1982	2
181	1994	5
181	2020	2
181	2057	4
181	2112	1
181	2117	3
181	2225	1
181	2269	2
181	2312	4
181	2491	2
181	2576	4
181	2645	5
181	2720	3
181	2775	2
181	2780	1
181	2785	4
181	2796	1
181	2835	4
181	2914	6
181	2924	3
181	2989	1
181	3177	2
181	3257	5
181	3315	4
181	3546	3
181	3634	1
181	3635	1
228	352	2
228	702	1
228	730	2
228	737	2
228	750	2
228	917	1
228	1017	4
228	1140	1
228	1160	3
228	1271	2
228	1279	3
228	1307	2
228	1389	1
228	1516	1
228	1543	3
228	1922	1
228	1925	1
228	1977	1
228	1982	2
228	1994	2
228	2312	2
228	2645	3
228	2720	1
228	2827	1
228	2830	1
228	2835	1
228	2914	2
228	2924	2
228	3152	1
228	3177	3
228	3546	3
228	3635	1
244	300	1
244	323	1
244	365	3
244	429	4
244	432	1
244	634	2
244	648	2
244	702	1
244	730	1
244	737	2
244	767	1
244	773	5
244	790	1
244	900	2
244	917	1
244	921	2
244	1017	1
244	1160	2
244	1223	4
244	1225	1
244	1271	4
244	1273	1
244	1307	1
244	1389	1
244	1543	6
244	1639	1
244	1656	1
244	1777	1
244	1857	1
244	1974	2
244	1977	1
244	1994	10
244	2020	1
244	2057	2
244	2112	2
244	2117	1
244	2141	2
244	2225	1
244	2251	1
244	2365	2
244	2491	1
244	2509	2
244	2645	5
244	2775	2
244	2780	1
244	2785	2
244	2826	2
244	2989	1
244	3177	3
244	3257	9
244	3315	2
289	300	2
289	365	1
289	407	1
289	432	1
289	463	1
289	730	1
289	737	2
289	750	9
289	921	1
289	942	1
289	1017	2
289	1160	7
289	1263	1
289	1271	1
289	1273	2
289	1279	1
289	1543	5
289	1656	1
289	1777	2
289	1857	1
289	1864	1
289	1922	1
289	1925	3
289	1974	1
289	1977	1
289	1982	2
289	1994	1
289	2020	1
289	2087	2
289	2225	2
289	2269	1
289	2312	2
289	2385	4
289	2509	1
289	2518	1
289	2645	3
289	2826	1
289	2827	4
289	2914	3
289	2924	1
289	3257	1
289	3635	3
300	323	1
300	407	3
300	429	2
300	634	1
300	737	1
300	750	10
300	900	1
300	1160	5
300	1263	3
300	1279	1
300	1307	1
300	1639	1
300	1701	4
300	1777	2
300	1994	7
300	2087	1
300	2117	1
300	2225	1
300	2385	7
300	2509	4
300	2645	1
300	2826	2
300	2827	6
300	2830	1
300	2914	4
300	2989	1
300	3152	2
300	3634	1
300	3635	2
323	432	2
323	648	2
323	730	1
323	737	1
323	750	8
323	773	2
323	900	3
323	910	3
323	942	2
323	1160	8
323	1307	2
323	1516	1
323	1543	2
323	1925	1
323	1974	1
323	1982	3
323	1994	3
323	2087	3
323	2645	1
323	2796	1
323	2826	1
323	2827	3
323	2830	1
323	2914	2
323	2924	5
323	2989	1
323	3152	1
323	3634	1
323	3635	3
352	429	1
352	463	2
352	626	4
352	702	6
352	730	6
352	750	2
352	767	2
352	773	2
352	790	1
352	917	1
352	921	1
352	981	2
352	1017	5
352	1140	1
352	1225	3
352	1271	3
352	1273	2
352	1279	2
352	1543	10
352	1656	2
352	1857	1
352	1864	2
352	1922	4
352	1925	2
352	1977	2
352	1994	6
352	2020	2
352	2057	4
352	2117	1
352	2312	5
352	2365	1
352	2491	2
352	2645	1
352	2720	3
352	2775	4
352	2780	1
352	2785	3
352	2827	2
352	2835	4
352	2914	2
352	2924	2
352	3177	5
352	3257	3
352	3315	7
352	3546	3
352	3635	1
365	407	1
365	429	5
365	626	1
365	634	1
365	702	1
365	750	1
365	767	1
365	773	1
365	790	2
365	917	1
365	921	2
365	942	1
365	1006	2
365	1017	2
365	1140	1
365	1160	1
365	1223	3
365	1225	1
365	1271	1
365	1273	3
365	1389	1
365	1543	5
365	1639	1
365	1701	1
365	1857	2
365	1864	1
365	1922	1
365	1925	1
365	1977	1
365	1994	7
365	2057	1
365	2112	1
365	2117	1
365	2312	1
365	2365	1
365	2509	1
365	2576	3
365	2720	1
365	2775	1
365	2780	1
365	2785	5
365	2796	1
365	2914	3
365	3177	1
365	3257	3
365	3315	2
365	3634	1
365	3635	1
407	429	2
407	626	1
407	634	1
407	750	12
407	773	1
407	790	1
407	900	2
407	910	2
407	942	3
407	1160	6
407	1263	3
407	1516	1
407	1543	2
407	1639	3
407	1701	4
407	1777	2
407	1974	1
407	1982	1
407	1994	4
407	2057	1
407	2112	1
407	2225	1
407	2269	1
407	2385	3
407	2509	1
407	2576	1
407	2775	1
407	2796	2
407	2827	6
407	2830	1
407	2835	1
407	2914	1
407	2989	1
407	3152	2
407	3257	1
407	3634	1
407	3635	2
429	463	1
429	634	1
429	648	2
429	730	5
429	737	2
429	750	3
429	767	2
429	773	9
429	790	3
429	900	1
429	910	3
429	921	2
429	1006	1
429	1017	2
429	1140	1
429	1160	7
429	1223	9
429	1225	1
429	1263	2
429	1271	5
429	1273	4
429	1307	3
429	1389	2
429	1516	2
429	1543	20
429	1639	1
429	1701	2
429	1709	1
429	1777	2
429	1864	2
429	1922	2
429	1925	3
429	1974	2
429	1977	1
429	1982	2
429	1994	12
429	2020	1
429	2057	10
429	2087	1
429	2112	4
429	2117	3
429	2141	1
429	2225	2
429	2251	3
429	2269	3
429	2312	1
429	2365	1
429	2385	4
429	2509	1
429	2518	1
429	2576	4
429	2645	4
429	2775	2
429	2780	2
429	2785	4
429	2827	2
429	2830	2
429	2835	2
429	2914	4
429	2924	1
429	2989	2
429	3177	5
429	3257	6
429	3315	9
429	3634	1
429	3635	2
432	750	7
432	1160	8
432	1263	1
432	1307	6
432	1516	1
432	1543	2
432	1777	1
432	1857	1
432	1925	1
432	1974	1
432	1982	4
432	1994	2
432	2020	1
432	2087	1
432	2225	2
432	2385	1
432	2491	1
432	2509	1
432	2518	2
432	2645	6
432	2827	4
432	2830	1
432	2914	3
432	3152	1
432	3635	3
463	730	2
463	737	3
463	773	1
463	900	1
463	921	2
463	1017	3
463	1140	3
463	1160	1
463	1223	6
463	1225	2
463	1263	1
463	1271	4
463	1273	2
463	1279	2
463	1389	1
463	1543	8
463	1864	3
463	1922	2
463	1925	3
463	1977	1
463	1982	2
463	2020	1
463	2057	1
463	2312	2
463	2385	1
463	2491	1
463	2518	2
463	2576	1
463	2645	1
463	2720	2
463	2780	3
463	2785	3
463	2827	2
463	2914	1
463	3177	2
463	3315	4
463	3546	2
463	3635	1
626	634	2
626	702	9
626	730	2
626	750	1
626	773	1
626	917	1
626	921	2
626	1006	2
626	1017	2
626	1223	4
626	1225	3
626	1273	1
626	1279	3
626	1389	1
626	1543	4
626	1656	3
626	1922	4
626	1925	1
626	1977	1
626	1994	3
626	2057	2
626	2112	1
626	2225	1
626	2251	1
626	2269	1
626	2312	2
626	2509	1
626	2645	1
626	2720	3
626	2780	1
626	2785	1
626	2827	2
626	2835	3
626	2914	2
626	2989	1
626	3152	1
626	3177	1
626	3315	4
634	648	1
634	750	1
634	767	1
634	773	2
634	900	3
634	910	1
634	921	1
634	1006	1
634	1160	2
634	1223	1
634	1263	1
634	1279	1
634	1543	4
634	1656	2
634	1922	1
634	1977	1
634	1982	1
634	1994	4
634	2057	2
634	2087	2
634	2141	1
634	2365	2
634	2509	3
634	2645	1
634	2775	1
634	2827	3
634	2830	1
634	2989	3
634	3152	1
634	3257	2
634	3315	2
648	730	1
648	773	2
648	790	1
648	910	1
648	921	1
648	1006	1
648	1223	1
648	1279	1
648	1516	1
648	1543	6
648	1639	1
648	1656	2
648	1922	2
648	1925	1
648	1974	1
648	1982	1
648	1994	3
648	2020	1
648	2057	1
648	2087	1
648	2141	2
648	2251	1
648	2365	1
648	2491	1
648	2518	1
648	2827	1
648	2924	2
648	2989	1
648	3257	2
648	3315	1
648	3634	1
648	3635	1
702	730	2
702	737	1
702	773	7
702	921	5
702	1006	3
702	1017	1
702	1223	4
702	1225	2
702	1273	1
702	1279	4
702	1389	2
702	1543	6
702	1656	4
702	1922	5
702	1925	2
702	1974	2
702	1994	5
702	2057	2
702	2312	3
702	2645	4
702	2720	4
702	2780	1
702	2785	2
702	2835	9
702	2914	1
702	2989	1
702	3177	1
702	3315	7
730	737	7
730	750	7
730	767	2
730	773	7
730	790	2
730	910	1
730	917	3
730	921	2
730	981	4
730	1006	3
730	1017	8
730	1140	3
730	1160	2
730	1223	6
730	1225	2
730	1263	2
730	1271	11
730	1273	4
730	1279	4
730	1307	1
730	1516	3
730	1543	17
730	1709	1
730	1777	1
730	1857	1
730	1864	5
730	1922	2
730	1925	10
730	1974	4
730	1977	1
730	1982	3
730	1994	9
730	2020	1
730	2057	6
730	2112	2
730	2117	3
730	2269	2
730	2312	3
730	2365	2
730	2491	1
730	2518	3
730	2576	2
730	2645	6
730	2720	9
730	2775	2
730	2780	1
730	2785	8
730	2796	1
730	2827	6
730	2830	1
730	2835	10
730	2914	10
730	2924	9
730	2989	1
730	3177	5
730	3257	6
730	3315	6
730	3546	1
737	750	3
737	773	3
737	790	1
737	900	2
737	910	1
737	921	3
737	942	2
737	981	2
737	1017	6
737	1140	4
737	1160	5
737	1223	4
737	1225	1
737	1263	2
737	1271	8
737	1273	4
737	1279	4
737	1307	2
737	1543	17
737	1701	4
737	1709	1
737	1777	1
737	1857	3
737	1864	4
737	1922	1
737	1925	3
737	1974	2
737	1977	3
737	1982	2
737	1994	13
737	2020	1
737	2057	1
737	2087	1
737	2112	4
737	2117	2
737	2269	1
737	2312	4
737	2365	2
737	2385	3
737	2491	1
737	2509	1
737	2518	3
737	2645	8
737	2720	1
737	2775	3
737	2780	1
737	2785	4
737	2796	2
737	2826	2
737	2827	4
737	2835	2
737	2914	7
737	2924	2
737	3152	2
737	3177	8
737	3257	2
737	3315	2
737	3546	1
737	3634	1
737	3635	1
750	790	3
750	900	9
750	910	4
750	917	1
750	921	1
750	942	10
750	981	4
750	1017	1
750	1140	2
750	1160	37
750	1223	2
750	1225	2
750	1263	11
750	1271	1
750	1273	1
750	1279	1
750	1307	10
750	1516	2
750	1543	11
750	1639	3
750	1701	13
750	1709	1
750	1777	9
750	1857	1
750	1864	2
750	1922	4
750	1925	6
750	1974	4
750	1977	1
750	1982	15
750	1994	11
750	2087	5
750	2112	3
750	2225	3
750	2312	2
750	2385	12
750	2491	4
750	2509	6
750	2518	3
750	2645	12
750	2720	3
750	2796	7
750	2826	8
750	2827	33
750	2830	12
750	2835	4
750	2914	17
750	2924	7
750	2989	3
750	3152	8
750	3177	2
750	3257	3
750	3315	4
750	3634	1
750	3635	15
767	773	2
767	790	1
767	900	3
767	921	1
767	981	1
767	1017	4
767	1160	1
767	1223	1
767	1271	1
767	1273	2
767	1279	1
767	1389	2
767	1516	1
767	1543	11
767	1857	2
767	1864	1
767	1922	1
767	1925	2
767	1977	2
767	1982	1
767	1994	4
767	2020	2
767	2057	1
767	2112	1
767	2117	1
767	2251	2
767	2365	3
767	2518	1
767	2576	1
767	2645	2
767	2720	1
767	2775	4
767	2785	2
767	2827	2
767	2835	2
767	2914	1
767	2924	5
767	2989	1
767	3177	2
767	3257	2
767	3315	3
767	3546	1
767	3635	1
773	790	5
773	900	3
773	910	2
773	917	1
773	921	6
773	1006	1
773	1017	3
773	1140	1
773	1160	7
773	1223	7
773	1225	4
773	1271	5
773	1273	3
773	1279	2
773	1307	2
773	1389	5
773	1516	1
773	1543	17
773	1639	2
773	1709	3
773	1857	4
773	1864	4
773	1922	9
773	1925	9
773	1974	3
773	1977	1
773	1982	3
773	1994	8
773	2020	1
773	2057	10
773	2112	3
773	2117	3
773	2141	1
773	2225	2
773	2251	1
773	2269	2
773	2312	1
773	2365	7
773	2385	3
773	2509	1
773	2518	2
773	2576	3
773	2645	8
773	2720	9
773	2775	3
773	2780	1
773	2785	6
773	2796	1
773	2826	1
773	2827	4
773	2830	1
773	2835	5
773	2914	3
773	2924	1
773	2989	3
773	3152	1
773	3177	7
773	3257	3
773	3315	10
773	3634	3
773	3635	5
790	900	1
790	921	1
790	981	1
790	1017	2
790	1140	1
790	1160	3
790	1223	2
790	1225	1
790	1263	2
790	1271	2
790	1273	1
790	1389	1
790	1516	2
790	1543	7
790	1639	1
790	1701	1
790	1709	2
790	1864	1
790	1922	1
790	1925	2
790	1974	2
790	1977	1
790	1982	2
790	1994	5
790	2057	2
790	2112	1
790	2269	3
790	2312	2
790	2365	1
790	2576	3
790	2645	1
790	2785	2
790	2796	1
790	2826	1
790	2827	2
790	2830	3
790	2835	1
790	2914	1
790	2989	1
790	3257	2
790	3315	1
790	3546	1
790	3634	1
900	910	3
900	917	1
900	942	2
900	981	1
900	1160	6
900	1223	3
900	1225	1
900	1263	2
900	1271	1
900	1273	2
900	1543	8
900	1639	1
900	1701	1
900	1922	3
900	1925	1
900	1974	2
900	1982	1
900	1994	4
900	2057	2
900	2087	1
900	2112	3
900	2141	1
900	2251	1
900	2365	1
900	2385	2
900	2509	2
900	2645	2
900	2785	2
900	2796	1
900	2827	4
900	2830	1
900	2914	1
900	2924	1
900	2989	4
900	3152	3
900	3177	2
900	3257	1
900	3315	4
900	3635	3
910	942	2
910	1160	4
910	1263	2
910	1273	1
910	1516	1
910	1543	1
910	1639	3
910	1701	2
910	1777	1
910	1864	1
910	1925	1
910	1982	1
910	1994	2
910	2057	1
910	2087	5
910	2225	1
910	2385	2
910	2509	1
910	2796	1
910	2827	1
910	2924	2
910	3635	2
917	921	4
917	1017	2
917	1223	2
917	1271	2
917	1543	4
917	1656	2
917	1922	6
917	1982	1
917	1994	4
917	2141	1
917	2491	2
917	2576	2
917	2645	1
917	2720	3
917	2780	1
917	2785	1
917	2835	1
917	2914	2
917	2924	1
917	3257	2
917	3315	4
921	981	1
921	1006	1
921	1017	3
921	1160	1
921	1223	8
921	1225	1
921	1271	4
921	1273	3
921	1279	3
921	1307	1
921	1543	16
921	1656	2
921	1709	1
921	1864	1
921	1922	7
921	1925	1
921	1974	1
921	1977	2
921	1982	2
921	1994	5
921	2020	2
921	2057	3
921	2087	2
921	2141	1
921	2251	3
921	2269	2
921	2312	6
921	2491	12
921	2576	3
921	2645	1
921	2720	1
921	2775	3
921	2780	3
921	2785	3
921	2827	3
921	2914	5
921	2924	1
921	2989	2
921	3257	1
921	3315	6
921	3634	1
921	3635	1
942	1160	8
942	1263	1
942	1307	1
942	1543	1
942	1639	1
942	1701	3
942	1925	1
942	1982	2
942	1994	2
942	2087	3
942	2385	2
942	2645	1
942	2796	3
942	2826	1
942	2827	2
942	2830	1
942	2914	2
942	2924	1
942	2989	1
942	3152	3
942	3635	3
981	1017	2
981	1263	1
981	1271	3
981	1273	1
981	1279	2
981	1543	3
981	1701	1
981	1777	1
981	1864	1
981	1977	2
981	2112	1
981	2365	1
981	2491	2
981	2518	1
981	2645	1
981	2775	1
981	2785	3
981	2827	3
981	2914	3
981	2924	2
981	2989	1
981	3257	2
981	3546	1
1006	1017	1
1006	1223	4
1006	1225	2
1006	1271	1
1006	1273	1
1006	1279	1
1006	1543	4
1006	1922	4
1006	1925	1
1006	1974	1
1006	1994	2
1006	2057	2
1006	2117	1
1006	2269	2
1006	2312	2
1006	2645	2
1006	2720	1
1006	2780	1
1006	2785	1
1006	2835	2
1006	2914	1
1006	3257	1
1006	3315	2
1006	3546	1
1017	1140	1
1017	1160	2
1017	1223	8
1017	1225	3
1017	1271	10
1017	1273	8
1017	1279	3
1017	1389	1
1017	1543	16
1017	1639	2
1017	1656	1
1017	1857	2
1017	1864	7
1017	1922	4
1017	1925	5
1017	1974	1
1017	1977	6
1017	1982	2
1017	1994	7
1017	2020	1
1017	2057	2
1017	2112	1
1017	2117	1
1017	2141	1
1017	2312	10
1017	2365	1
1017	2491	1
1017	2518	2
1017	2576	1
1017	2645	8
1017	2720	2
1017	2775	6
1017	2780	1
1017	2785	7
1017	2827	1
1017	2835	2
1017	2914	4
1017	2924	6
1017	3177	5
1017	3315	5
1017	3546	7
1017	3635	1
1140	1160	4
1140	1223	2
1140	1263	2
1140	1273	1
1140	1516	1
1140	1543	6
1140	1857	1
1140	1864	3
1140	1922	1
1140	1925	1
1140	1977	1
1140	1982	4
1140	1994	1
1140	2269	1
1140	2312	1
1140	2365	1
1140	2385	2
1140	2518	5
1140	2645	2
1140	2775	1
1140	2780	1
1140	2785	3
1140	2827	3
1140	2914	2
1140	2924	1
1140	3177	2
1140	3546	1
1140	3634	1
1140	3635	3
1160	1223	2
1160	1263	10
1160	1273	1
1160	1307	13
1160	1516	4
1160	1543	14
1160	1639	6
1160	1701	5
1160	1777	6
1160	1857	2
1160	1864	3
1160	1922	2
1160	1925	7
1160	1974	1
1160	1977	2
1160	1982	19
1160	1994	9
1160	2087	5
1160	2117	1
1160	2225	2
1160	2269	1
1160	2312	1
1160	2365	2
1160	2385	11
1160	2491	3
1160	2509	3
1160	2518	8
1160	2645	17
1160	2775	3
1160	2780	1
1160	2785	2
1160	2796	2
1160	2826	3
1160	2827	26
1160	2830	12
1160	2914	16
1160	2924	5
1160	2989	2
1160	3152	8
1160	3177	6
1160	3315	1
1160	3634	5
1160	3635	20
1223	1225	5
1223	1263	2
1223	1271	7
1223	1273	3
1223	1279	4
1223	1307	1
1223	1516	1
1223	1543	18
1223	1639	2
1223	1656	2
1223	1701	1
1223	1709	3
1223	1857	2
1223	1864	4
1223	1922	6
1223	1925	5
1223	1974	8
1223	1977	3
1223	1982	2
1223	1994	8
1223	2020	1
1223	2057	3
1223	2112	3
1223	2117	3
1223	2141	1
1223	2251	1
1223	2269	5
1223	2312	3
1223	2385	1
1223	2491	3
1223	2518	2
1223	2576	3
1223	2645	2
1223	2720	1
1223	2780	4
1223	2785	4
1223	2826	2
1223	2827	2
1223	2835	4
1223	2914	6
1223	2924	2
1223	3177	3
1223	3257	6
1223	3315	10
1223	3546	1
1223	3634	1
1223	3635	3
1225	1271	4
1225	1273	1
1225	1279	2
1225	1389	1
1225	1543	3
1225	1639	1
1225	1656	1
1225	1709	3
1225	1857	2
1225	1864	1
1225	1922	2
1225	1925	4
1225	1974	2
1225	1977	1
1225	1994	7
1225	2057	1
1225	2112	2
1225	2117	3
1225	2251	1
1225	2312	1
1225	2576	2
1225	2645	1
1225	2720	5
1225	2785	2
1225	2835	5
1225	2914	3
1225	2924	3
1225	2989	1
1225	3177	1
1225	3257	2
1225	3315	4
1225	3635	1
1263	1307	3
1263	1516	3
1263	1543	7
1263	1701	5
1263	1777	1
1263	1864	1
1263	1925	1
1263	1974	1
1263	1982	11
1263	1994	1
1263	2087	2
1263	2112	1
1263	2225	1
1263	2491	1
1263	2509	2
1263	2518	4
1263	2645	3
1263	2775	2
1263	2785	2
1263	2827	20
1263	2830	14
1263	2914	7
1263	2989	1
1263	3152	2
1263	3177	2
1263	3257	1
1263	3635	2
1271	1273	7
1271	1279	3
1271	1543	14
1271	1656	1
1271	1709	1
1271	1857	1
1271	1864	2
1271	1922	3
1271	1925	6
1271	1974	2
1271	1977	1
1271	1994	8
1271	2020	2
1271	2057	5
1271	2112	1
1271	2117	3
1271	2251	1
1271	2312	4
1271	2365	3
1271	2491	2
1271	2509	1
1271	2576	2
1271	2645	6
1271	2720	4
1271	2775	3
1271	2785	10
1271	2826	1
1271	2835	1
1271	2914	6
1271	2924	4
1271	3177	3
1271	3257	1
1271	3315	6
1271	3546	4
1273	1543	9
1273	1857	2
1273	1864	2
1273	1922	5
1273	1925	1
1273	1977	4
1273	1994	8
1273	2057	5
1273	2087	1
1273	2112	1
1273	2117	2
1273	2251	1
1273	2269	2
1273	2312	6
1273	2365	1
1273	2491	1
1273	2509	1
1273	2518	1
1273	2645	3
1273	2720	2
1273	2775	3
1273	2785	6
1273	2827	2
1273	2835	4
1273	2914	1
1273	2924	2
1273	2989	1
1273	3177	3
1273	3257	1
1273	3315	4
1273	3546	2
1273	3634	2
1273	3635	1
1279	1389	4
1279	1516	1
1279	1543	9
1279	1656	4
1279	1864	2
1279	1922	7
1279	1925	1
1279	1977	3
1279	1994	1
1279	2020	1
1279	2057	2
1279	2112	1
1279	2141	1
1279	2251	1
1279	2269	3
1279	2312	2
1279	2491	4
1279	2576	1
1279	2645	2
1279	2720	2
1279	2775	2
1279	2780	3
1279	2785	1
1279	2835	3
1279	2914	8
1279	2924	2
1279	3177	4
1279	3257	1
1279	3315	7
1279	3546	1
1307	1543	7
1307	1701	1
1307	1777	3
1307	1925	1
1307	1974	2
1307	1982	10
1307	1994	3
1307	2020	1
1307	2087	1
1307	2225	2
1307	2385	3
1307	2491	1
1307	2509	1
1307	2576	1
1307	2645	9
1307	2826	2
1307	2827	8
1307	2830	4
1307	2914	4
1307	2924	2
1307	3152	2
1307	3635	6
1389	1543	5
1389	1857	1
1389	1864	1
1389	1922	2
1389	1925	5
1389	1974	1
1389	1994	2
1389	2020	1
1389	2057	3
1389	2087	1
1389	2141	1
1389	2269	1
1389	2312	1
1389	2365	1
1389	2576	2
1389	2720	2
1389	2775	1
1389	2780	1
1389	2785	1
1389	2835	1
1389	3177	3
1389	3257	2
1389	3315	8
1516	1543	4
1516	1639	1
1516	1922	1
1516	1974	1
1516	1982	2
1516	1994	1
1516	2057	2
1516	2225	1
1516	2491	1
1516	2645	1
1516	2720	1
1516	2775	1
1516	2827	4
1516	2830	3
1516	2914	5
1516	3152	1
1516	3177	1
1516	3257	1
1516	3315	1
1516	3635	1
1543	1639	3
1543	1656	3
1543	1701	4
1543	1709	3
1543	1777	2
1543	1857	8
1543	1864	9
1543	1922	18
1543	1925	12
1543	1974	5
1543	1977	7
1543	1982	9
1543	1994	41
1543	2020	9
1543	2057	15
1543	2087	4
1543	2112	4
1543	2117	10
1543	2141	3
1543	2225	2
1543	2251	7
1543	2269	7
1543	2312	7
1543	2365	8
1543	2385	2
1543	2491	10
1543	2509	2
1543	2518	7
1543	2576	8
1543	2645	29
1543	2720	9
1543	2775	8
1543	2780	4
1543	2785	16
1543	2826	1
1543	2827	14
1543	2830	3
1543	2835	6
1543	2914	14
1543	2924	11
1543	2989	1
1543	3177	16
1543	3257	13
1543	3315	19
1543	3546	3
1543	3634	2
1543	3635	10
1639	1922	2
1639	1974	1
1639	1977	1
1639	1994	3
1639	2087	2
1639	2117	2
1639	2141	1
1639	2251	1
1639	2385	3
1639	2509	2
1639	2645	2
1639	2775	1
1639	2785	1
1639	2796	1
1639	2827	3
1639	2914	2
1639	2924	1
1639	2989	1
1639	3257	1
1639	3315	1
1639	3634	1
1656	1709	1
1656	1922	6
1656	1974	1
1656	1994	1
1656	2117	1
1656	2141	1
1656	2269	1
1656	2491	2
1656	2645	2
1656	2775	2
1656	2785	2
1656	2914	1
1656	2989	1
1656	3177	2
1656	3315	6
1656	3635	1
1701	1777	5
1701	1864	1
1701	1925	1
1701	1982	2
1701	1994	9
1701	2112	2
1701	2117	2
1701	2385	1
1701	2518	2
1701	2645	3
1701	2796	6
1701	2826	3
1701	2827	8
1701	2830	3
1701	2835	1
1701	2914	6
1701	2924	1
1701	3152	3
1701	3177	1
1701	3315	1
1701	3635	6
1709	1857	2
1709	1864	1
1709	1922	2
1709	1925	1
1709	1974	1
1709	1994	2
1709	2057	1
1709	2112	2
1709	2117	1
1709	2141	1
1709	2251	1
1709	2365	1
1709	2491	1
1709	2576	3
1709	2645	1
1709	2720	1
1709	2775	1
1709	2780	1
1709	2827	1
1709	2835	1
1709	3177	1
1709	3315	2
1709	3634	1
1777	1864	1
1777	1974	1
1777	1982	1
1777	1994	5
1777	2225	1
1777	2385	2
1777	2509	4
1777	2518	1
1777	2645	5
1777	2826	3
1777	2827	3
1777	2830	2
1777	2914	3
1777	2924	1
1777	3152	3
1777	3635	3
1857	1864	1
1857	1922	3
1857	1925	4
1857	1974	1
1857	1977	2
1857	1982	2
1857	1994	7
1857	2057	1
1857	2117	2
1857	2269	1
1857	2312	1
1857	2365	1
1857	2491	1
1857	2518	1
1857	2576	2
1857	2645	1
1857	2720	2
1857	2775	2
1857	2780	2
1857	2785	1
1857	2830	1
1857	2835	1
1857	2914	1
1857	2924	2
1857	3177	3
1857	3257	1
1857	3315	4
1857	3635	1
1864	1925	2
1864	1974	2
1864	1977	4
1864	1982	2
1864	1994	5
1864	2057	2
1864	2269	1
1864	2312	1
1864	2365	1
1864	2385	1
1864	2491	1
1864	2518	3
1864	2645	4
1864	2775	2
1864	2780	1
1864	2785	5
1864	2827	2
1864	2835	1
1864	2914	3
1864	2924	3
1864	3177	3
1864	3257	1
1864	3634	1
1864	3635	4
1922	1977	2
1922	1982	1
1922	1994	11
1922	2020	2
1922	2057	1
1922	2117	2
1922	2141	4
1922	2251	3
1922	2269	2
1922	2312	7
1922	2365	3
1922	2491	3
1922	2518	1
1922	2576	5
1922	2645	4
1922	2720	2
1922	2775	1
1922	2780	3
1922	2785	2
1922	2827	5
1922	2835	2
1922	2914	4
1922	2989	2
1922	3177	8
1922	3257	5
1922	3315	16
1922	3635	2
1925	1974	1
1925	1977	1
1925	1982	3
1925	1994	2
1925	2057	4
1925	2087	2
1925	2141	1
1925	2365	3
1925	2385	1
1925	2491	1
1925	2518	5
1925	2576	1
1925	2645	4
1925	2720	12
1925	2775	1
1925	2785	6
1925	2826	1
1925	2827	7
1925	2835	8
1925	2914	4
1925	2924	2
1925	3152	1
1925	3177	3
1925	3257	1
1925	3315	16
1925	3546	1
1925	3635	4
1974	1994	2
1974	2020	1
1974	2057	1
1974	2112	1
1974	2117	1
1974	2269	5
1974	2385	1
1974	2576	4
1974	2645	3
1974	2720	1
1974	2785	2
1974	2796	1
1974	2827	1
1974	2835	2
1974	2914	3
1974	2924	1
1974	3177	1
1974	3315	5
1974	3635	1
1977	1994	4
1977	2057	1
1977	2112	1
1977	2117	1
1977	2225	1
1977	2269	1
1977	2312	3
1977	2365	2
1977	2385	1
1977	2491	1
1977	2518	4
1977	2645	4
1977	2720	1
1977	2775	2
1977	2780	1
1977	2785	1
1977	2826	1
1977	2827	3
1977	2914	5
1977	2989	1
1977	3177	3
1977	3257	2
1977	3315	3
1977	3546	1
1977	3634	1
1977	3635	2
1982	1994	5
1982	2087	3
1982	2225	3
1982	2312	1
1982	2365	2
1982	2385	4
1982	2491	4
1982	2518	7
1982	2645	8
1982	2720	1
1982	2775	2
1982	2785	2
1982	2826	2
1982	2827	19
1982	2830	12
1982	2914	3
1982	2924	4
1982	2989	1
1982	3152	1
1982	3177	3
1982	3257	1
1982	3635	6
1994	2020	3
1994	2057	12
1994	2087	4
1994	2112	2
1994	2117	7
1994	2141	4
1994	2225	3
1994	2251	3
1994	2269	2
1994	2312	4
1994	2365	5
1994	2385	4
1994	2491	3
1994	2509	6
1994	2576	7
1994	2645	12
1994	2720	2
1994	2775	1
1994	2780	3
1994	2785	9
1994	2796	4
1994	2826	3
1994	2827	5
1994	2830	2
1994	2835	5
1994	2914	6
1994	2924	7
1994	2989	3
1994	3152	1
1994	3177	9
1994	3257	12
1994	3315	14
1994	3546	1
1994	3634	1
1994	3635	5
2020	2057	2
2020	2087	1
2020	2225	1
2020	2251	1
2020	2491	1
2020	2518	1
2020	2576	1
2020	2645	4
2020	2780	1
2020	2827	1
2020	2914	2
2020	2924	1
2020	3177	1
2020	3635	1
2057	2112	3
2057	2117	4
2057	2141	1
2057	2251	1
2057	2269	1
2057	2312	1
2057	2365	4
2057	2491	1
2057	2509	1
2057	2576	3
2057	2645	3
2057	2720	2
2057	2775	2
2057	2780	2
2057	2785	7
2057	2826	1
2057	2827	2
2057	2835	2
2057	2914	4
2057	2924	1
2057	2989	1
2057	3177	7
2057	3257	4
2057	3315	8
2057	3635	2
2087	2141	1
2087	2385	1
2087	2491	1
2087	2509	1
2087	2518	1
2087	2645	1
2087	2796	1
2087	2827	2
2087	2830	1
2087	2914	1
2087	2924	2
2087	3177	1
2087	3635	1
2112	2251	1
2112	2518	1
2112	2720	1
2112	2775	1
2112	2785	2
2112	2796	1
2112	2826	1
2112	2827	3
2112	2830	1
2112	2835	1
2112	2914	3
2112	2989	1
2112	3177	3
2112	3257	2
2117	2269	1
2117	2365	1
2117	2509	1
2117	2576	1
2117	2645	4
2117	2785	5
2117	2835	1
2117	2914	1
2117	2924	2
2117	3177	1
2117	3257	2
2117	3315	1
2117	3634	1
2141	2251	1
2141	2269	1
2141	2780	2
2141	2989	1
2141	3257	1
2141	3315	3
2225	2312	1
2225	2385	2
2225	2509	1
2225	2645	2
2225	2827	2
2225	2830	1
2225	2914	2
2225	3152	2
2225	3257	1
2225	3635	1
2251	2365	3
2251	2491	1
2251	2509	1
2251	2645	3
2251	2914	3
2251	3177	2
2251	3257	4
2251	3315	1
2251	3635	1
2269	2312	1
2269	2491	1
2269	2518	1
2269	2576	5
2269	2645	2
2269	2775	1
2269	2785	2
2269	2827	1
2269	2835	1
2269	2914	2
2269	3315	4
2269	3634	2
2312	2491	4
2312	2645	5
2312	2720	1
2312	2775	3
2312	2780	1
2312	2827	1
2312	2835	3
2312	2989	1
2312	3177	3
2312	3315	6
2312	3546	4
2312	3634	1
2312	3635	1
2365	2509	1
2365	2518	3
2365	2576	1
2365	2645	2
2365	2785	4
2365	2827	1
2365	2914	1
2365	2989	2
2365	3177	8
2365	3257	4
2365	3315	2
2365	3634	1
2365	3635	2
2385	2491	1
2385	2509	4
2385	2518	2
2385	2645	5
2385	2780	1
2385	2796	1
2385	2826	2
2385	2827	7
2385	2830	1
2385	2914	7
2385	3152	2
2385	3177	2
2385	3315	1
2385	3634	1
2385	3635	6
2491	2518	1
2491	2576	1
2491	2645	2
2491	2775	1
2491	2780	2
2491	2827	6
2491	2830	1
2491	2914	5
2491	2924	1
2491	3177	1
2491	3257	1
2491	3315	3
2491	3635	1
2509	2645	3
2509	2775	1
2509	2785	2
2509	2796	1
2509	2826	3
2509	2827	3
2509	2830	2
2509	2914	2
2509	3152	2
2509	3177	1
2509	3257	2
2509	3635	4
2518	2576	1
2518	2645	5
2518	2775	4
2518	2780	1
2518	2785	4
2518	2827	13
2518	2914	3
2518	3177	4
2518	3634	1
2518	3635	4
2576	2645	1
2576	2720	1
2576	2775	2
2576	2785	2
2576	2826	1
2576	2827	1
2576	2835	1
2576	2914	2
2576	2989	2
2576	3257	2
2576	3315	3
2645	2720	2
2645	2775	2
2645	2785	6
2645	2796	1
2645	2826	5
2645	2827	14
2645	2830	4
2645	2835	1
2645	2914	12
2645	2924	2
2645	2989	2
2645	3152	2
2645	3177	8
2645	3257	6
2645	3315	3
2645	3546	3
2645	3634	4
2645	3635	13
2720	2785	3
2720	2827	1
2720	2835	10
2720	2914	6
2720	2924	2
2720	3177	3
2720	3315	9
2775	2780	1
2775	2785	4
2775	2827	3
2775	2914	1
2775	2924	3
2775	3177	5
2775	3257	1
2775	3315	2
2775	3546	2
2775	3635	1
2780	2914	2
2780	3177	3
2780	3315	4
2780	3635	1
2785	2827	5
2785	2835	3
2785	2914	4
2785	2924	5
2785	3177	3
2785	3257	4
2785	3315	4
2785	3546	4
2785	3634	1
2785	3635	2
2796	2826	2
2796	2827	2
2796	2830	2
2796	2914	1
2796	2924	1
2796	3152	3
2796	3635	3
2826	2830	4
2826	2914	2
2826	3152	2
2826	3257	1
2826	3635	3
2827	2830	12
2827	2835	2
2827	2914	14
2827	2924	2
2827	2989	3
2827	3152	5
2827	3177	10
2827	3257	1
2827	3315	1
2827	3546	1
2827	3634	3
2827	3635	10
2830	2914	7
2830	2989	2
2830	3152	1
2830	3177	1
2830	3635	3
2835	2914	5
2835	2924	4
2835	2989	1
2835	3152	1
2835	3177	3
2835	3257	1
2835	3315	10
2835	3635	1
2914	2924	3
2914	3152	2
2914	3177	3
2914	3257	5
2914	3315	2
2914	3635	7
2924	3177	2
2924	3257	2
2924	3546	1
2924	3634	1
2924	3635	3
2989	3177	2
2989	3257	1
2989	3315	3
2989	3634	2
2989	3635	2
3152	3635	2
3177	3257	5
3177	3315	9
3177	3546	1
3177	3634	1
3177	3635	5
3257	3315	3
3257	3635	2
3315	3546	2
3315	3635	4
3634	3635	3
